7 0.09453125 0.2546875 0.01328125 0.0390625
9 0.63359375 0.2671875 0.00625 0.01015625
17 0.703125 0.27265625 0.0109375 0.02265625
17 0.6765625 0.2984375 0.01875 0.0296875
0 0.66875 0.30703125 0.0140625 0.03828125
9 0.5984375 0.31328125 0.02578125 0.0234375
7 0.46796875 0.3359375 0.0171875 0.0546875
16 0.50859375 0.4 0.01796875 0.03828125
16 0.584375 0.46953125 0.0359375 0.07109375
0 0.53359375 0.47265625 0.04140625 0.13828125
16 0.32890625 0.32109375 0.01484375 0.021875
16 0.30625 0.34296875 0.015625 0.0296875
9 0.2703125 0.4671875 0.0734375 0.0703125
7 0.60546875 0.284375 0.0078125 0.02421875