17 0.3359375 0.54609375 0.05 0.021875
17 0.346875 0.46796875 0.0421875 0.01875
17 0.3703125 0.48515625 0.046875 0.015625
9 0.3734375 0.50546875 0.0390625 0.03125
13 0.3703125 0.4484375 0.05625 0.021875
19 0.33515625 0.52578125 0.0140625 0.009375
19 0.37734375 0.64375 0.040625 0.0296875
17 0.4125 0.5875 0.0765625 0.04375
19 0.4234375 0.6578125 0.065625 0.034375
13 0.45390625 0.20703125 0.078125 0.040625
0 0.55546875 0.02890625 0.09375 0.05625
0 0.54375 0.390625 0.13125 0.046875
19 0.55234375 0.83203125 0.128125 0.11875