7 0.7921875 0.44140625 0.0140625 0.034375
0 0.80390625 0.453125 0.01328125 0.01171875
16 0.63359375 0.46796875 0.01875 0.0265625
16 0.6359375 0.446875 0.015625 0.01796875
9 0.665625 0.51328125 0.0921875 0.08984375
13 0.61484375 0.46640625 0.04609375 0.16796875
17 0.58984375 0.4078125 0.01484375 0.01953125
17 0.57109375 0.41484375 0.009375 0.01796875
19 0.5125 0.44375 0.02890625 0.0421875
0 0.49765625 0.43125 0.02734375 0.08359375
0 0.3265625 0.44765625 0.08125 0.2203125
13 0.215625 0.36796875 0.01171875 0.0328125
13 0.11875 0.38359375 0.03046875 0.065625
9 0.1640625 0.353125 0.0203125 0.021875
9 0.1765625 0.3765625 0.01328125 0.01328125