7 0.91484375 0.4625 0.0609375 0.16796875
7 0.51640625 0.35 0.0171875 0.05859375
7 0.509375 0.390625 0.0140625 0.05859375
0 0.56484375 0.36875 0.01796875 0.04921875
0 0.4015625 0.453125 0.0328125 0.09375
0 0.315625 0.43125 0.01796875 0.04453125
0 0.05625 0.50390625 0.0265625 0.04453125
7 0.11953125 0.459375 0.025 0.06953125
13 0.25546875 0.49296875 0.04921875 0.11875
13 0.29453125 0.4953125 0.0375 0.1203125
13 0.76328125 0.334375 0.0171875 0.0375
13 0.7734375 0.33359375 0.01171875 0.03046875
9 0.4703125 0.45234375 0.046875 0.03671875