7 0.63984375 0.83203125 0.0265625 0.09375
7 0.64921875 0.70625 0.03125 0.1125
0 0.5375 0.56640625 0.0265625 0.0875
13 0.440625 0.6546875 0.0109375 0.015625
13 0.44921875 0.6546875 0.009375 0.01875
13 0.35625 0.6390625 0.0078125 0.028125
13 0.3265625 0.6390625 0.009375 0.03125
17 0.146875 0.584375 0.028125 0.0390625
17 0.1265625 0.58515625 0.034375 0.0421875
17 0.0734375 0.58671875 0.0265625 0.0375
9 0.040625 0.56484375 0.04375 0.034375
9 0.2171875 0.47734375 0.084375 0.075
0 0.4 0.34921875 0.053125 0.171875