7 0.3234375 0.50625 0.015625 0.00625
7 0.359375 0.52890625 0.028125 0.009375
13 0.371875 0.421875 0.03125 0.009375
0 0.365625 0.27890625 0.028125 0.0125
7 0.37109375 0.159375 0.025 0.009375
9 0.39609375 0.0078125 0.0234375 0.015625
0 0.40546875 0.178125 0.034375 0.0140625
9 0.42421875 0.14453125 0.028125 0.03125
9 0.4265625 0.10078125 0.034375 0.040625
7 0.43203125 0.071875 0.059375 0.0265625
7 0.42421875 0.08984375 0.075 0.028125
0 0.43828125 0.18515625 0.040625 0.01875
0 0.4734375 0.37734375 0.046875 0.021875
9 0.475 0.34375 0.034375 0.0359375
0 0.4671875 0.253125 0.046875 0.025
1 0.4921875 0.57109375 0.2390625 0.071875