13 0.8671875 0.33984375 0.0421875 0.1046875
7 0.7578125 0.42890625 0.04765625 0.11640625
0 0.6703125 0.38671875 0.021875 0.04140625
0 0.69609375 0.38046875 0.03203125 0.08359375
9 0.403125 0.4046875 0.034375 0.0328125
0 0.3015625 0.3765625 0.02734375 0.075
0 0.33203125 0.5125 0.0359375 0.1125
13 0.3734375 0.56328125 0.03984375 0.128125
0 0.35390625 0.58984375 0.040625 0.1265625
7 0.2296875 0.55390625 0.04453125 0.1234375
0 0.17109375 0.6203125 0.0625 0.14296875
13 0.11015625 0.615625 0.04921875 0.15703125