17 0.45390625 0.3359375 0.021875 0.05
17 0.53203125 0.346875 0.01875 0.0421875
17 0.51484375 0.3703125 0.015625 0.046875
9 0.49453125 0.3734375 0.03125 0.0390625
13 0.5515625 0.3703125 0.021875 0.05625
19 0.47421875 0.33515625 0.009375 0.0140625
19 0.35625 0.37734375 0.0296875 0.040625
17 0.4125 0.4125 0.04375 0.0765625
19 0.3421875 0.4234375 0.034375 0.065625
13 0.79296875 0.45390625 0.040625 0.078125
0 0.97109375 0.55546875 0.05625 0.09375
0 0.609375 0.54375 0.046875 0.13125
19 0.16796875 0.55234375 0.11875 0.128125