7 0.36015625 0.16796875 0.0265625 0.09296875
7 0.35078125 0.29375 0.03125 0.1125
0 0.4625 0.43359375 0.0265625 0.08671875
13 0.559375 0.3453125 0.0109375 0.01640625
13 0.55078125 0.3453125 0.009375 0.01875
13 0.64375 0.3609375 0.0078125 0.028125
13 0.6734375 0.3609375 0.01015625 0.03046875
17 0.853125 0.415625 0.028125 0.0390625
17 0.8734375 0.41484375 0.03359375 0.04140625
17 0.9265625 0.41328125 0.0265625 0.03671875
9 0.959375 0.43515625 0.04375 0.03359375
9 0.7828125 0.52265625 0.08515625 0.075
0 0.6 0.65078125 0.053125 0.171875