7 0.49375 0.671875 0.159375 0.0640625
7 0.44921875 0.60703125 0.0375 0.0125
17 0.39140625 0.22265625 0.028125 0.0140625
19 0.42265625 0.30234375 0.03125 0.0234375
13 0.38671875 0.18359375 0.0375 0.0203125
0 0.39140625 0.1546875 0.028125 0.0125
0 0.40859375 0.11171875 0.059375 0.0203125
13 0.51796875 0.39375 0.08125 0.03125
13 0.4328125 0.26640625 0.209375 0.0640625
0 0.45859375 0.5625 0.0375 0.0125
13 0.4640625 0.73671875 0.0375 0.015625
7 0.48359375 0.8359375 0.040625 0.0125
7 0.571875 0.92734375 0.078125 0.034375
7 0.4296875 0.5734375 0.0203125 0.090625