7 0.7453125 0.09453125 0.0390625 0.0125
9 0.7328125 0.63359375 0.009375 0.00625
17 0.72734375 0.703125 0.021875 0.0109375
17 0.7015625 0.6765625 0.0296875 0.01875
0 0.69296875 0.66875 0.0375 0.0140625
9 0.68671875 0.5984375 0.0234375 0.025
7 0.6640625 0.46796875 0.0546875 0.0171875
16 0.6 0.50859375 0.0375 0.01875
16 0.53046875 0.584375 0.071875 0.0359375
0 0.52734375 0.53359375 0.1375 0.040625
16 0.67890625 0.32890625 0.021875 0.015625
16 0.65703125 0.30625 0.0296875 0.015625
9 0.5328125 0.2703125 0.0703125 0.0734375
7 0.715625 0.60546875 0.025 0.0078125