17 0.1015625 0.30703125 0.08359375 0.0953125
17 0.16953125 0.6515625 0.1234375 0.17890625
17 0.271875 0.36640625 0.040625 0.09140625
17 0.3671875 0.3671875 0.05 0.07421875
17 0.31328125 0.1296875 0.03359375 0.05546875
13 0.40546875 0.06328125 0.0125 0.034375
17 0.3140625 0.09453125 0.01484375 0.01796875
17 0.32578125 0.09921875 0.0125 0.03203125
16 0.35703125 0.63828125 0.04296875 0.0578125
16 0.70625 0.61484375 0.03046875 0.05390625
16 0.83671875 0.890625 0.05 0.0984375
16 0.82578125 0.3953125 0.02578125 0.05859375
7 0.746875 0.5546875 0.04765625 0.11484375