19 0.50625 0.6796875 0.04609375 0.12421875
19 0.35546875 0.2640625 0.01171875 0.015625
19 0.37578125 0.26171875 0.01484375 0.015625
19 0.425 0.2640625 0.009375 0.0203125
19 0.40078125 0.2546875 0.0109375 0.01953125
16 0.31015625 0.3046875 0.0109375 0.0203125
19 0.83828125 0.328125 0.01875 0.02109375
13 0.71484375 0.43359375 0.0234375 0.07578125
13 0.61875 0.4703125 0.0296875 0.10234375
13 0.5640625 0.5296875 0.05390625 0.14375
13 0.46875 0.52578125 0.0296875 0.05703125
13 0.3515625 0.56171875 0.0390625 0.06796875
13 0.3703125 0.67578125 0.046875 0.1046875