19 0.6796875 0.49375 0.125 0.046875
19 0.2640625 0.64453125 0.015625 0.0125
19 0.26171875 0.62421875 0.015625 0.015625
19 0.2640625 0.575 0.0203125 0.009375
19 0.2546875 0.59921875 0.01875 0.0109375
16 0.3046875 0.68984375 0.0203125 0.0109375
19 0.328125 0.16171875 0.021875 0.01875
13 0.43359375 0.28515625 0.075 0.0234375
13 0.4703125 0.38125 0.103125 0.0296875
13 0.5296875 0.4359375 0.14375 0.053125
13 0.52578125 0.53125 0.05625 0.0296875
13 0.56171875 0.6484375 0.06875 0.0390625
13 0.67578125 0.6296875 0.1046875 0.046875