7 0.04609375 0.38984375 0.0140625 0.0234375
7 0.1515625 0.3828125 0.015625 0.03125
9 0.27421875 0.36640625 0.021875 0.015625
1 0.44296875 0.365625 0.00625 0.01875
7 0.47578125 0.371875 0.009375 0.0296875
0 0.465625 0.37578125 0.00625 0.01875
7 0.4703125 0.37109375 0.0078125 0.0328125
0 0.509375 0.39453125 0.00625 0.009375
0 0.5328125 0.39375 0.00625 0.009375
9 0.5328125 0.409375 0.028125 0.025
13 0.553125 0.39296875 0.0171875 0.0578125
13 0.71015625 0.39140625 0.009375 0.0125
0 0.75546875 0.37109375 0.0109375 0.0125
0 0.3578125 0.48125 0.075 0.178125
9 0.3546875 0.6125 0.21875 0.240625