7 0.44140625 0.2078125 0.034375 0.0140625
0 0.453125 0.19609375 0.0125 0.0125
16 0.46796875 0.36640625 0.0265625 0.01875
16 0.446875 0.3640625 0.01875 0.015625
9 0.51328125 0.334375 0.090625 0.0921875
13 0.46640625 0.38515625 0.16875 0.046875
17 0.4078125 0.41015625 0.01875 0.015625
17 0.41484375 0.42890625 0.01875 0.009375
19 0.44375 0.4875 0.0421875 0.028125
0 0.43125 0.50234375 0.084375 0.028125
0 0.44765625 0.6734375 0.2203125 0.08125
13 0.36796875 0.784375 0.0328125 0.0125
13 0.38359375 0.88125 0.065625 0.03125
9 0.353125 0.8359375 0.021875 0.0203125
9 0.3765625 0.8234375 0.0125 0.0125