7 0.328125 0.49375 0.0640625 0.159375
7 0.39296875 0.44921875 0.0125 0.0375
17 0.77734375 0.39140625 0.0140625 0.028125
19 0.69765625 0.42265625 0.0234375 0.03125
13 0.81640625 0.38671875 0.0203125 0.0375
0 0.8453125 0.39140625 0.0125 0.028125
0 0.88828125 0.40859375 0.0203125 0.059375
13 0.60625 0.51796875 0.03125 0.08125
13 0.73359375 0.4328125 0.0640625 0.209375
0 0.4375 0.45859375 0.0125 0.0375
13 0.26328125 0.4640625 0.015625 0.0375
7 0.1640625 0.48359375 0.0125 0.040625
7 0.07265625 0.571875 0.034375 0.078125
7 0.4265625 0.4296875 0.090625 0.0203125