17 0.69296875 0.1015625 0.0953125 0.084375
17 0.3484375 0.16953125 0.178125 0.1234375
17 0.63359375 0.271875 0.090625 0.040625
17 0.6328125 0.3671875 0.075 0.05
17 0.8703125 0.31328125 0.05625 0.034375
13 0.93671875 0.40546875 0.034375 0.0125
17 0.90546875 0.3140625 0.01875 0.015625
17 0.90078125 0.32578125 0.03125 0.0125
16 0.36171875 0.35703125 0.0578125 0.04375
16 0.38515625 0.70625 0.053125 0.03125
16 0.109375 0.83671875 0.0984375 0.05
16 0.6046875 0.82578125 0.059375 0.025
7 0.4453125 0.746875 0.115625 0.046875