19 0.49375 0.3203125 0.046875 0.125
19 0.64453125 0.7359375 0.0125 0.015625
19 0.62421875 0.73828125 0.015625 0.015625
19 0.575 0.7359375 0.009375 0.0203125
19 0.59921875 0.7453125 0.0109375 0.01875
16 0.68984375 0.6953125 0.0109375 0.0203125
19 0.16171875 0.671875 0.01875 0.021875
13 0.28515625 0.56640625 0.0234375 0.075
13 0.38125 0.5296875 0.0296875 0.103125
13 0.4359375 0.4703125 0.053125 0.14375
13 0.53125 0.47421875 0.0296875 0.05625
13 0.6484375 0.43828125 0.0390625 0.06875
13 0.6296875 0.32421875 0.046875 0.1046875