7 0.04609375 0.38984375 0.0140625 0.0234375
7 0.1515625 0.3828125 0.015625 0.03203125
9 0.27421875 0.36640625 0.02109375 0.015625
1 0.44296875 0.365625 0.00625 0.01796875
7 0.47578125 0.371875 0.00859375 0.0296875
0 0.465625 0.37578125 0.00703125 0.01953125
7 0.4703125 0.37109375 0.0078125 0.0328125
0 0.509375 0.39453125 0.00546875 0.00859375
0 0.5328125 0.39375 0.00625 0.00859375
9 0.5328125 0.409375 0.02890625 0.02421875
13 0.553125 0.39296875 0.0171875 0.0578125
13 0.71015625 0.39140625 0.009375 0.01328125
0 0.75546875 0.37109375 0.0109375 0.01171875
0 0.3578125 0.48125 0.07421875 0.178125
9 0.3546875 0.6125 0.21796875 0.24140625