16 0.55390625 0.346875 0.009375 0.0234375
0 0.56953125 0.3546875 0.01328125 0.04296875
0 0.9890625 0.4375 0.021875 0.06171875
13 0.9109375 0.4 0.0328125 0.0421875
0 0.78125 0.39140625 0.01171875 0.034375
7 0.70625 0.38828125 0.01953125 0.0484375
9 0.60625 0.39765625 0.046875 0.0546875
0 0.6359375 0.390625 0.02109375 0.03203125
17 0.41328125 0.40625 0.04140625 0.090625
17 0.54609375 0.43828125 0.05546875 0.08828125
17 0.45078125 0.55234375 0.06796875 0.1671875
17 0.70625 0.46328125 0.0890625 0.1140625