7 0.49375 0.3234375 0.00546875 0.01640625
7 0.47109375 0.359375 0.00859375 0.02734375
13 0.578125 0.371875 0.009375 0.03046875
0 0.72109375 0.365625 0.0125 0.02734375
7 0.840625 0.37109375 0.00859375 0.025
9 0.9921875 0.39609375 0.015625 0.0234375
0 0.821875 0.40546875 0.0140625 0.034375
9 0.85546875 0.42421875 0.03125 0.02734375
9 0.89921875 0.4265625 0.03984375 0.03359375
7 0.928125 0.43203125 0.0265625 0.059375
7 0.91015625 0.42421875 0.02734375 0.07421875
0 0.81484375 0.43828125 0.01796875 0.04140625
0 0.62265625 0.4734375 0.02109375 0.04609375
9 0.65625 0.475 0.0359375 0.034375
0 0.746875 0.4671875 0.02421875 0.04765625
1 0.42890625 0.4921875 0.07265625 0.2390625