19 0.18203125 0.4140625 0.02578125 0.03203125
17 0.29375 0.42265625 0.0234375 0.04296875
17 0.33515625 0.4421875 0.028125 0.03828125
17 0.309375 0.45390625 0.0296875 0.04609375
19 0.61953125 0.3859375 0.028125 0.04609375
19 0.62734375 0.434375 0.04609375 0.06953125
19 0.60625 0.459375 0.0359375 0.05703125
19 0.628125 0.5578125 0.06328125 0.09375
19 0.5875 0.58828125 0.07734375 0.1140625
19 0.6515625 0.59921875 0.05625 0.134375
19 0.61171875 0.7421875 0.10390625 0.25
19 0.52109375 0.75078125 0.09375 0.21796875