9 0.19609375 0.32265625 0.0125 0.028125
9 0.1734375 0.32890625 0.0109375 0.025
0 0.075 0.3609375 0.01640625 0.03203125
7 0.54453125 0.3140625 0.0109375 0.02265625
9 0.45390625 0.34765625 0.02109375 0.02421875
7 0.3171875 0.3890625 0.02578125 0.07734375
0 0.39140625 0.36953125 0.0265625 0.06875
7 0.32890625 0.40234375 0.03203125 0.0859375
13 0.01953125 0.43125 0.0390625 0.078125
9 0.065625 0.5125 0.075 0.05625
0 0.61953125 0.446875 0.034375 0.1
0 0.50390625 0.6671875 0.03515625 0.09296875
9 0.484375 0.76171875 0.1 0.15859375
1 0.721875 0.36484375 0.03671875 0.1375