7 0.328125 0.49375 0.0640625 0.16015625
7 0.39296875 0.44921875 0.01171875 0.03828125
17 0.77734375 0.39140625 0.0140625 0.02890625
19 0.69765625 0.42265625 0.0234375 0.03046875
13 0.81640625 0.38671875 0.0203125 0.03671875
0 0.8453125 0.39140625 0.01171875 0.028125
0 0.88828125 0.40859375 0.0203125 0.06015625
13 0.60625 0.51796875 0.03046875 0.08203125
13 0.73359375 0.4328125 0.0640625 0.209375
0 0.4375 0.45859375 0.01328125 0.03828125
13 0.26328125 0.4640625 0.015625 0.03671875
7 0.1640625 0.48359375 0.0125 0.040625
7 0.07265625 0.571875 0.03359375 0.078125
7 0.4265625 0.4296875 0.09140625 0.0203125